407552
407552
407552
403456
407552
403456
403456
403456
403456
403456
407552
407552
403456
407552
403456
407552
407552
403456
407552
407552
403456
403456
403456
403456
407552
403456
403456
403456
403456
403456
407552
407552
403456
407552
403456
407552
403456
403456
403456
403456
403456
403456
403456
407552
403456
403456
403456
403456
403456
407552
403456
407552
403456
403456
407552
407552
407552
407552
407552
407552
407552
407552
407552
407552
403456
407552
407552
407552
403456
407552
407552
407552
407552
407552
407552
407552
403456
407552
407552
403456
407552
407552
407552
407552
407552
407552
403456
407552
407552
407552
407552
407552
403456
407552
407552
403456
407552
407552
407552
407552
